-7.798432866756249496e+03
5.027457378270041488e+01
-4.740273476319012502e+01
8.956750324979048314e-04
-7.120394197253441249e-01
1.757961091079568439e+00
5.246909332297506126e+02
6.702098453382542509e+00
6.237893310995008278e+02
-1.467318299845382512e+02
5.258387064452718960e+02
-6.421998686470774764e+00
3.344543560464505845e+02
-5.389955810809643033e+00
2.923454379285241433e+00
3.482756820032042011e+00
4.076782433543652218e+00
-1.143122398839545717e+01
6.057050449815771564e+00
3.377658523352058069e+02
5.383844845885074903e+01
2.994553750794163534e+03
-1.101013627003701913e+03
-1.021660007587117661e+03
5.352572018884935460e+03
-3.193045898698823137e+01
-1.455779841151164931e+02
7.540143290864835990e+01
-3.348995792726531251e-01
1.168502771719347265e+03
