6.536178646747153107e+04
4.805948669331739438e+03
-2.285460677753787593e+02
1.529864302152556324e-02
-1.858327653689944725e+01
7.559426955012784788e+01
-3.677018980589685088e+04
2.370166775500345011e+02
8.057624904655227510e+03
-1.252612439605790678e+04
3.516190841300801821e+03
1.330699578374372868e+04
2.205462889397364506e+03
5.321445571157603638e+01
2.709953862808530189e+01
7.030429478542086486e+01
1.032311585532414426e+02
-3.354919940443484165e+02
-6.784886513229517391e+01
1.418685900426811349e+04
-3.731954164238386966e+03
6.608748874286698992e+04
-6.036093954833671887e+03
-3.488202784491289640e+04
4.613033753657198395e+04
-1.004349367732109840e+03
-9.311123507780555428e+02
8.149363863262453833e+02
1.036748069881095091e+01
-5.478034599250543397e+04
