-2.259293090917648442e+04
6.373949988889621636e+02
-1.334656070022984409e+02
3.365148229886136266e-03
-2.313598797060976153e+00
1.300295024313574110e+01
-2.457049327454692957e+03
5.113557585067967892e+01
3.746034421315819600e+03
-1.141152744178088142e+03
2.642707988796411883e+03
1.262673052257630843e+03
1.072856978612008334e+03
-1.083924686491213230e+01
1.316890456751447225e+01
5.347944966182066606e-01
1.854080625704870755e+01
-9.966231604426405966e+01
4.155896541627762453e+00
3.946130532382315778e+03
-2.551228401956109622e+02
1.346232036075149699e+04
-3.546240062293883966e+03
-4.919355613253546835e+03
1.223194142151751657e+04
3.161530227593629760e+01
-7.781628435284966372e+01
4.294759306635209555e+02
-6.351047830777315495e-01
-5.531288605513133916e+03
