-2.259424382417211382e+04
6.374266128036830423e+02
-1.334622871926872278e+02
3.365097928969468244e-03
-2.313552100228518871e+00
1.300457117080425462e+01
-2.456884402927986685e+03
5.114243490309758045e+01
3.746062866669414234e+03
-1.141052605219685574e+03
2.642680352688645144e+03
1.262702231619703298e+03
1.072822652923652413e+03
-1.083793049346720494e+01
1.316832182520369798e+01
5.346578533698622682e-01
1.854018793746651994e+01
-9.966229910188468466e+01
4.156540392920196503e+00
3.946127711428694056e+03
-2.551250245271599510e+02
1.346227285520485020e+04
-3.546104365049086937e+03
-4.919076909507723940e+03
1.223175354617287667e+04
3.160541135222397813e+01
-7.784662193486984449e+01
4.294336302157225305e+02
-6.350600633656459104e-01
-5.531255095752324451e+03
